% Auto-generated refresh history for MATLAB
% Columns: tick, elapsed_seconds, total_packets, new_packets, success_probability, binary_entropy_bits, shannon_entropy_bits
refresh_history = [
  1 2.001066800003 942 942 0.998938428875 0.012018590507 0.012018590507;
  2 4.001213300013 1830 888 0.998360655738 0.017531438180 0.019036841186;
  3 6.001640600007 2935 1105 0.998977853492 0.011628081520 0.012566714400;
  4 8.005239299993 3903 968 0.998718934153 0.014156046893 0.015912324877;
  5 10.001245299994 4942 1039 0.998178874949 0.019198910128 0.022390823829;
  6 12.001144700014 5835 893 0.998457583548 0.016630602246 0.019334019128;
  7 14.005820199993 6929 1094 0.998556790302 0.015699461437 0.018131955733;
  8 16.001436399994 7956 1027 0.998617395676 0.015125820140 0.017361753435;
  9 18.008684500004 9184 1228 0.998148954704 0.019470780916 0.022772785363;
  10 20.000958599994 10257 1073 0.998147606513 0.019483014733 0.022841302756;
  11 22.003624000004 11079 822 0.998194782923 0.019054073510 0.022271383229;
  12 24.005036399991 11910 831 0.998236775819 0.018670764574 0.021919277660;
  13 26.000996599993 12656 746 0.998024652339 0.020592894446 0.024135721862;
  14 28.002719500015 13417 761 0.997764030707 0.022909662747 0.026869328327;
  15 30.001291499997 14270 853 0.997827610371 0.022348736937 0.026179552212;
  16 32.001039900002 15006 736 0.997934159669 0.021402641615 0.025045566710;
  17 34.000958999997 15925 919 0.997990580848 0.020898462205 0.024530520971;
  18 36.001284400001 16743 818 0.998029027056 0.020553598868 0.024097751026;
  19 38.012280399998 17961 1218 0.997939981070 0.021350725719 0.025032067740;
  20 40.003229599999 19047 1086 0.998004935160 0.020769829197 0.024324503880;
  21 42.008386700007 19998 951 0.997799779978 0.022594594580 0.026522552251;
  22 44.002084800013 21090 1092 0.997913703177 0.021584887235 0.025309462745;
  23 46.009136100009 22096 1006 0.998008689356 0.020736162219 0.024291163011;
  24 48.016216899996 23021 925 0.997958385822 0.021186433331 0.024909751378;
  25 50.037809100002 24259 1238 0.998062574715 0.020251790631 0.023785098053;
  26 52.004861399997 25660 1401 0.998129384256 0.019648229245 0.023055346888;
  27 54.000905199995 26560 900 0.998117469880 0.019756113641 0.023205484202;
  28 56.009192500002 27472 912 0.998143564356 0.019519685752 0.022971055529;
  29 58.005422499991 28620 1148 0.998148148148 0.019478099970 0.022934609332;
  30 60.001154700003 29578 958 0.998174318750 0.019240355675 0.022639424484;
  31 62.029646400013 30663 1085 0.998206307276 0.018949021788 0.022278655015;
  32 64.001066299999 31458 795 0.998188060271 0.019115305556 0.022485961167;
  33 66.014077800006 32672 1214 0.998224779628 0.018780411162 0.022122127055;
  34 68.001636300003 33443 771 0.998205902581 0.018952712650 0.022333544917;
  35 70.001687300013 34180 737 0.998156816852 0.019399409554 0.022882970827;
  36 72.001811900001 35148 968 0.998150677137 0.019455149073 0.022973712066;
  37 74.001353900007 36039 891 0.998113155193 0.019795156107 0.023411713929;
  38 76.021636299993 37108 1069 0.998113614315 0.019791002312 0.023420737265;
  39 78.001846800005 37947 839 0.998076264263 0.020128393522 0.023848146083;
  40 80.001535899995 39210 1263 0.998112726345 0.019799035858 0.023436507850;
  41 82.000966799998 40230 1020 0.998135719612 0.019590818116 0.023171806291;
  42 84.001503000007 40983 753 0.998145572554 0.019501468684 0.023050958288;
  43 86.000845700008 41735 752 0.998011261531 0.020713089484 0.024490647277;
  44 88.000748599996 42928 1193 0.997996645546 0.020844132893 0.024656962998;
  45 90.000656999997 43992 1064 0.997999636298 0.020817331115 0.024625787234;
  46 92.001484500011 44579 587 0.997958680096 0.021183804511 0.025078736452;
  47 94.001618300012 45399 820 0.997973523646 0.021051123914 0.024907636790;
  48 96.053766700003 46269 870 0.997838725713 0.022250398744 0.026316983370;
  49 98.007619300013 46942 673 0.997720591368 0.023291394583 0.027578688345;
  50 100.001120800007 48155 1213 0.997694943412 0.023516217580 0.027819539690;
  51 102.004349800001 49503 1348 0.997656707674 0.023850616834 0.028182210522;
  52 104.009973100008 50590 1087 0.997687289978 0.023583225341 0.027853324533;
  53 106.002356700017 51361 771 0.997702536944 0.023449697953 0.027686318900;
  54 108.004242800002 52050 689 0.997694524496 0.023519886247 0.027790632052;
  55 110.002472299995 53068 1018 0.997738750283 0.023131966440 0.027320786805;
  56 112.001255900017 54130 1062 0.997746166636 0.023066793220 0.027249272424;
  57 114.006939899991 55169 1039 0.997752360927 0.023012332162 0.027189444384;
  58 116.011256099999 55858 689 0.997744280139 0.023083374667 0.027291868262;
  59 118.006580100016 56805 947 0.997764281313 0.022907456980 0.027089646765;
  60 120.007504200010 57550 745 0.997793223284 0.022652443021 0.026780493251;
];

% Optional convenience vectors
tick = refresh_history(:,1);
elapsed_seconds = refresh_history(:,2);
total_packets = refresh_history(:,3);
new_packets = refresh_history(:,4);
success_probability = refresh_history(:,5);
binary_entropy_bits = refresh_history(:,6);
shannon_entropy_bits = refresh_history(:,7);