% Auto-generated refresh history for MATLAB
% Numeric columns: tick, elapsed_seconds, total_packets, new_packets, success_probability, binary_entropy_bits, shannon_entropy_bits, packet_rate, baseline_shannon_bits, baseline_packet_rate, dominant_share_delta, shift_score
refresh_history = [
  1 0.605360599991 2 2 1.000000000000 0.000000000000 0.000000000000 3.303815940496 0.000000000000 0.000000000000 0.000000000000 0.000000000000;
  2 0.804176200007 2 0 1.000000000000 0.000000000000 0.000000000000 2.487017148709 0.000000000000 0.000000000000 0.000000000000 0.000000000000;
  3 1.004259300011 6 4 1.000000000000 0.000000000000 0.000000000000 5.974552588097 0.000000000000 0.000000000000 0.000000000000 0.000000000000;
  4 1.204465499963 7 1 1.000000000000 0.000000000000 0.000000000000 5.811706520624 0.000000000000 0.000000000000 0.000000000000 0.000000000000;
  5 1.404211599962 11 4 1.000000000000 0.000000000000 0.000000000000 7.833577218917 0.000000000000 0.000000000000 0.000000000000 0.000000000000;
  6 1.604547099967 11 0 1.000000000000 0.000000000000 0.000000000000 6.855517049157 0.000000000000 0.000000000000 0.000000000000 0.000000000000;
  7 1.804013299989 12 1 1.000000000000 0.000000000000 0.000000000000 6.651835660012 0.000000000000 0.000000000000 0.000000000000 0.000000000000;
  8 2.004411700007 13 1 1.000000000000 0.000000000000 0.000000000000 6.485693532898 0.000000000000 0.000000000000 0.000000000000 0.000000000000;
  9 2.204397299967 13 0 1.000000000000 0.000000000000 0.000000000000 5.897303539699 0.000000000000 0.000000000000 0.000000000000 0.000000000000;
  10 2.408674400009 13 0 1.000000000000 0.000000000000 0.000000000000 5.397159533041 0.000000000000 0.000000000000 0.000000000000 0.000000000000;
  11 2.604498000001 13 0 1.000000000000 0.000000000000 0.000000000000 4.991364938655 0.000000000000 5.935928063898 0.000000000000 0.000000000000;
  12 2.823811899987 15 2 1.000000000000 0.000000000000 0.000000000000 5.311968548638 0.000000000000 5.897303539699 0.000000000000 0.000000000000;
  13 3.005291000009 15 0 1.000000000000 0.000000000000 0.000000000000 4.991197191872 0.000000000000 5.854505030162 0.000000000000 0.000000000000;
  14 3.230136799975 17 2 1.000000000000 0.000000000000 0.000000000000 5.262934994001 0.000000000000 5.811706520624 0.000000000000 0.000000000000;
  15 3.404111499956 18 1 1.000000000000 0.000000000000 0.000000000000 5.287723389857 0.000000000000 5.604433026833 0.000000000000 0.000000000000;
  16 3.604729999963 24 6 1.000000000000 0.000000000000 0.000000000000 6.657918901068 0.000000000000 5.397159533041 0.000000000000 0.000000000000;
  17 3.804673000006 24 0 1.000000000000 0.000000000000 0.000000000000 6.308032254010 0.000000000000 5.811706520624 0.000000000000 0.000000000000;
  18 4.022945099976 26 2 1.000000000000 0.000000000000 0.000000000000 6.462926874184 0.000000000000 5.897303539699 0.000000000000 0.000000000000;
  19 4.204095499997 26 0 1.000000000000 0.000000000000 0.000000000000 6.184445619757 0.000000000000 5.897303539699 0.000000000000 0.000000000000;
  20 4.404310999962 26 0 1.000000000000 0.000000000000 0.000000000000 5.903307009933 0.000000000000 6.184445619757 0.000000000000 0.000000000000;
  21 4.604483800009 28 2 0.928571428571 0.371232326641 0.371232326641 6.081029104706 0.000000000000 5.903307009933 -0.071428571429 3.000000000000;
  22 4.817218899960 29 1 0.896551724138 0.479832023616 0.479832023616 6.020071041456 0.024748821776 5.903307009933 -0.098686371100 1.500000000000;
  23 5.037526600005 43 14 0.697674418605 0.884115122049 1.185149002912 8.535935075749 0.056737623350 5.903307009933 -0.290667124909 5.500000000000;
  24 5.222084200010 58 15 0.517241379310 0.999142103992 1.390793612351 11.106676525800 0.135747556878 5.903307009933 -0.450945125444 2.500000000000;
  25 5.437207499985 74 16 0.513513513514 0.999473020186 1.345207705846 13.609927522576 0.228467131035 6.020071041456 -0.422489083195 4.000000000000;
  26 5.604084899998 79 5 0.544303797468 0.994329045593 1.318181789123 14.096859953000 0.318147644758 6.081029104706 -0.359266366808 4.000000000000;
  27 5.814139299968 85 6 0.576470588235 0.983060554802 1.284053104670 14.619532765662 0.406026430699 6.184445619757 -0.296719829205 4.000000000000;
  28 6.004085099965 87 2 0.586206896552 0.978449329269 1.272522510175 14.490134392084 0.491629971011 6.308032254010 -0.258748226771 4.000000000000;
  29 6.204833799973 87 0 0.586206896552 0.978449329269 1.272522510175 14.021326405290 0.576464805022 6.462926874184 -0.231162019874 4.000000000000;
  30 6.403987600002 87 0 0.586206896552 0.978449329269 1.272522510175 13.585285518037 0.661299639034 6.657918901068 -0.203575812978 4.000000000000;
  31 6.603962299996 87 0 0.586206896552 0.978449329269 1.272522510175 13.173909245371 0.746134473046 8.535935075749 -0.175989606081 1.000000000000;
  32 6.816894699994 89 2 0.595505617978 0.973519002385 1.260983797203 13.055797972071 0.830969307057 11.106676525800 -0.139104677759 0.000000000000;
  33 7.004181500000 89 0 0.595505617978 0.973519002385 1.260983797203 12.706695279098 0.915034893537 13.055797972071 -0.112138385624 0.000000000000;
  34 7.204191699973 89 0 0.595505617978 0.973519002385 1.260983797203 12.353918899789 0.999100480018 13.055797972071 -0.085172093489 0.000000000000;
  35 7.407754399988 91 2 0.604395604396 0.968321186399 1.249468073639 12.284424548436 1.083166066498 13.055797972071 -0.049315814936 0.000000000000;
  36 7.611270699999 101 10 0.643564356436 0.939684671873 1.192995233643 13.269794753195 1.166463938074 13.055797972071 0.016226563477 0.000000000000;
  37 7.805835999956 101 0 0.643564356436 0.939684671873 1.192995233643 12.939036895032 1.221248131874 13.173909245371 0.035227034953 0.000000000000;
  38 8.008712799987 101 0 0.643564356436 0.939684671873 1.192995233643 12.611265071232 1.268792345876 13.173909245371 0.052092859466 0.000000000000;
  39 8.204632100009 101 0 0.643564356436 0.939684671873 1.192995233643 12.310119304422 1.269315427924 13.173909245371 0.055700196944 0.000000000000;
  40 8.404621599999 101 0 0.643564356436 0.939684671873 1.192995233643 12.017197776044 1.256128869344 13.173909245371 0.047278665136 0.000000000000;
  41 8.604851899960 101 0 0.643564356436 0.939684671873 1.192995233643 11.737564013214 1.245981371197 13.055797972071 0.038608608941 0.000000000000;
  42 8.805548399978 103 2 0.650485436893 0.933633771721 1.182025681807 11.697170388645 1.237635600832 12.939036895032 0.038912318801 0.000000000000;
  43 9.024369899998 103 0 0.650485436893 0.933633771721 1.182025681807 11.413539243335 1.230833772641 12.706695279098 0.033977995557 0.000000000000;
  44 9.205376899976 103 0 0.650485436893 0.933633771721 1.182025681807 11.189112745647 1.224800650750 12.611265071232 0.029692759534 0.000000000000;
  45 9.404857099988 103 0 0.650485436893 0.933633771721 1.182025681807 10.951787879918 1.218767528858 12.353918899789 0.025407523512 0.000000000000;
  46 9.607127399999 103 0 0.650485436893 0.933633771721 1.182025681807 10.721206840664 1.212734406967 12.310119304422 0.021122287489 0.000000000000;
  47 9.804838599986 103 0 0.650485436893 0.933633771721 1.182025681807 10.505017390102 1.206701285076 12.284424548436 0.016837051466 0.000000000000;
  48 10.004957699974 103 0 0.650485436893 0.933633771721 1.182025681807 10.294896099388 1.201437410716 12.017197776044 0.013171730205 0.000000000000;
  49 10.204803299974 103 0 0.650485436893 0.933633771721 1.182025681807 10.093286168511 1.196173536357 11.737564013214 0.009506408944 0.000000000000;
  50 10.404898200009 103 0 0.650485436893 0.933633771721 1.182025681807 9.899183828623 1.190909661997 11.697170388645 0.005841087683 0.000000000000;
  51 10.604788900004 103 0 0.650485436893 0.933633771721 1.182025681807 9.712593147419 1.186413502541 11.413539243335 0.002768432183 0.000000000000;
  52 10.813094699988 103 0 0.650485436893 0.933633771721 1.182025681807 9.525487647871 1.185682199086 11.189112745647 0.002307026819 0.000000000000;
