% Auto-generated refresh history for MATLAB
% Numeric columns: tick, elapsed_seconds, total_packets, new_packets, success_probability, binary_entropy_bits, shannon_entropy_bits, packet_rate, baseline_shannon_bits, baseline_packet_rate, dominant_share_delta, shift_score
refresh_history = [
  1 2.001920099981 1 1 1.000000000000 0.000000000000 0.000000000000 0.499520435411 0.000000000000 0.000000000000 0.000000000000 0.000000000000;
  2 4.002010500000 3 2 0.666666666667 0.918295834054 0.918295834054 0.749623220629 0.000000000000 0.000000000000 0.000000000000 0.000000000000;
  3 6.000936500001 5 2 0.600000000000 0.970950594455 0.970950594455 0.833203284187 0.000000000000 0.000000000000 0.000000000000 0.000000000000;
  4 8.001316299982 14 9 0.500000000000 1.000000000000 1.689391746743 1.749712106748 0.000000000000 0.000000000000 0.000000000000 0.000000000000;
  5 10.000741399999 21 7 0.428571428571 0.985228136034 1.742377399362 2.099844317542 0.000000000000 0.000000000000 0.000000000000 0.000000000000;
  6 12.000941899983 58 37 0.637931034483 0.944387195013 1.603000399514 4.832953986727 1.064203114923 0.833203284187 -0.001116584565 2.000000000000;
  7 14.001100900001 62 4 0.629032258065 0.951412253533 1.615463214598 4.428223212076 1.154002662355 1.291457695468 -0.009829263556 2.000000000000;
  8 16.001894299989 87 25 0.666666666667 0.918295834054 1.518415539752 5.436856310197 1.219925598390 1.749712106748 0.029209325554 2.000000000000;
  9 18.002238899993 97 10 0.649484536082 0.934527566074 1.567874789773 5.388218684290 1.257236841060 1.924778212145 0.008376029276 2.000000000000;
  10 20.009068899992 138 41 0.724637681159 0.849054424254 1.332655457438 6.896872647585 1.453221189781 3.264033764809 0.127343607343 2.000000000000;
  11 22.001046799996 143 5 0.713286713287 0.864437650971 1.359269472859 6.499690732898 1.505016142704 4.630588599401 0.108746262658 0.000000000000;
  12 24.001216400007 151 8 0.688741721854 0.894620588891 1.408152703588 6.291347800187 1.553556002505 5.110586335508 0.070040432065 0.000000000000;
  13 26.001201100007 161 10 0.670807453416 0.914099273608 1.434974912933 6.192021644721 1.518401122111 5.412537497244 0.028513448395 0.000000000000;
  14 28.000901699997 195 34 0.682051282051 0.902136800080 1.446720461904 6.964061446636 1.479975811307 5.814438977459 0.009477773925 0.000000000000;
  15 30.001287999999 230 35 0.708695652174 0.870400203552 1.357547718748 7.666337525242 1.460440819106 6.241684722454 0.030607113101 0.000000000000;
  16 32.001324299985 236 6 0.711864406780 0.866300675498 1.350058238522 7.374694802868 1.428201382124 6.395519266543 0.023817943443 0.000000000000;
  17 34.000590399985 240 4 0.708333333333 0.870864469235 1.370373302667 7.058700957149 1.407156719471 6.698281690242 0.014637152483 0.000000000000;
  18 36.002216800000 252 12 0.710317460317 0.868310808704 1.359635310498 6.999568982097 1.382469033582 6.930467047111 0.009265179811 0.000000000000;
  19 38.004631199990 255 3 0.705882352941 0.873981048127 1.381135170721 6.709708578887 1.385841515215 6.981815214366 0.006620100040 0.000000000000;
  20 40.000965799991 265 10 0.698113207547 0.883585086105 1.402839069875 6.624840043239 1.388574727448 6.981815214366 -0.000223500311 0.000000000000;
  21 42.001528699999 302 37 0.721854304636 0.852911870733 1.342161528140 7.190214483789 1.387910523233 6.981815214366 0.022346161066 0.000000000000;
  22 44.000660599995 331 29 0.740181268882 0.826472712064 1.281974139946 7.522614330932 1.376308850134 7.029134969623 0.034292268910 2.000000000000;
  23 46.000870199990 333 2 0.738738738739 0.828643675022 1.287243850650 7.238993491912 1.355715559890 7.124457720469 0.025583490412 0.000000000000;
  24 48.001205599983 339 6 0.728613569322 0.843447049689 1.318853883563 7.062322617999 1.346927576377 7.124457720469 0.011702935175 0.000000000000;
  25 50.001542299986 346 7 0.728323699422 0.843859751395 1.318191553166 6.919786552266 1.343027032008 7.060511787574 0.009319419957 0.000000000000;
  26 52.001066600002 391 45 0.757033248082 0.799939173221 1.224513869435 7.519076541403 1.336504313320 7.030945800048 0.035530172856 2.000000000000;
  27 54.001172499993 402 11 0.741293532338 0.824788134501 1.262269599898 7.444282807009 1.319614133187 7.126268550894 0.013950983642 0.000000000000;
  28 56.001270100009 450 48 0.746666666667 0.816518711954 1.254076281018 8.035532036977 1.304755936834 7.214603987850 0.014897720546 0.000000000000;
  29 58.000987599982 480 30 0.754166666667 0.804607072798 1.230725089896 8.275721153413 1.286160588227 7.341638149460 0.016328538156 0.000000000000;
  30 60.000559699984 489 9 0.752556237219 0.807201388001 1.233669513571 8.149923974795 1.272231033447 7.481679674206 0.010679063454 0.000000000000;
  31 62.001341900002 493 4 0.750507099391 0.810473401190 1.239542740833 7.951440805832 1.266192955150 7.481679674206 0.007083054585 0.000000000000;
  32 64.001083699986 514 21 0.752918287938 0.806619897739 1.234933182718 8.031114010654 1.260230316423 7.735258673617 0.008023198049 0.000000000000;
  33 66.001232699986 525 11 0.756190476190 0.801318196809 1.224499451821 7.954396888107 1.249740228817 7.991277408243 0.008257296475 0.000000000000;
  34 68.001281000004 535 10 0.745794392523 0.817876060797 1.259784457560 7.867498849029 1.238028716149 7.992755449381 -0.005622134288 0.000000000000;
  35 70.001149999996 537 2 0.743016759777 0.822159833687 1.268068541168 7.671302542887 1.242437539665 7.992755449381 -0.006994910090 0.000000000000;
  36 72.001074100001 580 43 0.753448275862 0.805766849789 1.239296152343 8.055435384123 1.243162407323 7.992755449381 0.003221202566 0.000000000000;
  37 74.001266100007 598 18 0.754180602007 0.804584535771 1.233678886889 8.080942820517 1.241314891239 7.992755449381 0.003105827561 0.000000000000;
  38 76.001504299988 636 38 0.750000000000 0.811278124459 1.248340224744 8.368255416230 1.241684115863 7.992755449381 -0.001076516363 0.000000000000;
  39 78.000967200001 668 32 0.754491017964 0.804082121514 1.233561632563 8.563996370547 1.243517954760 7.992755449381 0.003734031253 0.000000000000;
  40 80.024641800002 694 26 0.759365994236 0.796093020077 1.215484869723 8.672328727624 1.242770316226 8.043274697388 0.008111017704 0.000000000000;
  41 82.000833600003 695 1 0.758273381295 0.797899815180 1.219687177162 8.475523595165 1.240339277101 8.068189102320 0.006212441475 0.000000000000;
  42 84.001210599992 703 8 0.758179231863 0.798055064885 1.219446006389 8.368927006869 1.239737742769 8.224599118373 0.005857928905 0.000000000000;
  43 86.001265900006 712 9 0.754213483146 0.804531352527 1.229219282865 8.278947903254 1.234695436373 8.368591211550 0.000344075271 0.000000000000;
  44 88.001638299989 736 24 0.745923913043 0.817674879817 1.257546301932 8.363480660338 1.229839279085 8.368591211550 -0.009345085253 0.000000000000;
  45 90.000952500006 739 3 0.742895805142 0.822345047114 1.266010200205 8.211024211104 1.232120547783 8.368591211550 -0.011432647802 0.000000000000;
  46 90.702452500002 739 0 0.742895805142 0.822345047114 1.266010200205 8.147519495131 1.236161961948 8.368591211550 -0.010022048194 0.000000000000;
];

% Optional convenience vectors
tick = refresh_history(:,1);
elapsed_seconds = refresh_history(:,2);
total_packets = refresh_history(:,3);
new_packets = refresh_history(:,4);
success_probability = refresh_history(:,5);
binary_entropy_bits = refresh_history(:,6);
shannon_entropy_bits = refresh_history(:,7);
packet_rate = refresh_history(:,8);
baseline_shannon_bits = refresh_history(:,9);
baseline_packet_rate = refresh_history(:,10);
dominant_share_delta = refresh_history(:,11);
shift_score = refresh_history(:,12);

% Alert metadata (cell arrays)
