% Auto-generated refresh history for MATLAB
% Columns: tick, elapsed_seconds, total_packets, new_packets, success_probability, binary_entropy_bits, shannon_entropy_bits
refresh_history = [
  1 2.007350100001 1490 1490 0.997315436242 0.026796921926 0.028974849777;
  2 4.000175900001 2309 819 0.998267648333 0.018388041834 0.019793460846;
  3 6.000400100020 3233 924 0.998762759047 0.013733943686 0.014737690205;
  4 8.000901100022 4209 976 0.999049655500 0.010911162831 0.011682156535;
  5 10.007678499998 5697 1488 0.998420221169 0.016978857125 0.018186131227;
  6 12.005482900015 7903 2206 0.998734657725 0.014004857019 0.015468579212;
  7 14.000703099999 9672 1769 0.998862696443 0.012762867426 0.014173886434;
  8 16.004825300013 11339 1667 0.998941705618 0.011986215361 0.013341543481;
  9 18.000742800010 13244 1905 0.998640893990 0.014902380629 0.016819872455;
  10 20.010076600011 14460 1216 0.998547717842 0.015785013713 0.017764486364;
  11 22.007460299996 15167 707 0.998483549812 0.016387802191 0.018437480547;
  12 24.001649500016 16023 856 0.998502153155 0.016213455460 0.018256526740;
  13 26.008748599997 17301 1278 0.998497196694 0.016259938855 0.018478257955;
  14 28.000924799999 18295 994 0.998469527193 0.016519001133 0.018928604192;
  15 30.002495799999 19230 935 0.998491939678 0.016309215151 0.018676595918;
  16 32.000394600007 20355 1125 0.998526160648 0.015987968126 0.018291294038;
  17 34.000575500017 21528 1173 0.998560014864 0.015669034351 0.017906650496;
  18 36.001369900012 22541 1013 0.998536001065 0.015895380523 0.018138345702;
  19 38.001004999998 23369 828 0.998502289358 0.016212177769 0.018585708908;
  20 40.000541000016 24374 1005 0.998523016329 0.016017532707 0.018338554096;
  21 42.000674400013 25305 931 0.998537838372 0.015878082895 0.018155627574;
  22 44.000402100006 26426 1121 0.998562022251 0.015650087315 0.017869597129;
  23 46.008695199998 27219 793 0.998310004041 0.017998862166 0.021024040136;
  24 46.724855700013 27649 430 0.997468262867 0.025485792363 0.030916603389;
];

% Optional convenience vectors
tick = refresh_history(:,1);
elapsed_seconds = refresh_history(:,2);
total_packets = refresh_history(:,3);
new_packets = refresh_history(:,4);
success_probability = refresh_history(:,5);
binary_entropy_bits = refresh_history(:,6);
shannon_entropy_bits = refresh_history(:,7);