% Auto-generated refresh history for MATLAB
% Columns: tick, elapsed_seconds, total_packets, new_packets, success_probability, binary_entropy_bits, shannon_entropy_bits
refresh_history = [
  1 2.001696099993 5 5 0.800000000000 0.721928094887 0.721928094887;
  2 4.001814499992 10 5 0.600000000000 0.970950594455 1.370950594455;
  3 6.001831599977 18 8 0.666666666667 0.918295834054 1.251629167388;
  4 8.001713399979 20 2 0.650000000000 0.934068055375 1.278897902987;
  5 10.001725199982 22 2 0.636363636364 0.945660304601 1.292727214755;
  6 12.002240999980 24 2 0.625000000000 0.954434002925 1.298794940695;
  7 14.002092899987 26 2 0.615384615385 0.961236604723 1.300194642889;
  8 16.001748599985 38 12 0.605263157895 0.967788462827 1.361258843872;
  9 18.002016299986 52 14 0.461538461538 0.995727452085 1.830450112500;
  10 20.001705000002 56 4 0.446428571429 0.991703308373 1.838245296050;
  11 22.001690699981 81 25 0.432098765432 0.986655489654 1.938713265345;
  12 24.001525500003 83 2 0.421686746988 0.982230929808 1.969315839269;
  13 26.001714899990 117 34 0.470085470085 0.997416382080 1.935614134446;
  14 28.001439399988 121 4 0.487603305785 0.999556533503 1.906739484137;
  15 30.001670199999 122 1 0.483606557377 0.999224426966 1.918993269258;
  16 32.002067099995 129 7 0.488372093023 0.999609836368 1.892474367191;
  17 34.001762599975 160 31 0.556250000000 0.990851089632 1.799558142167;
  18 36.001611099986 256 96 0.433593750000 0.987238362433 1.727184830245;
  19 38.001704800001 264 8 0.446969696970 0.991870386702 1.722387851593;
  20 40.001803699997 266 2 0.443609022556 0.990805074833 1.741345227650;
  21 42.001393099985 273 7 0.439560439560 0.989434022220 1.740152563815;
  22 44.001927499980 276 3 0.442028985507 0.990281404424 1.744499088805;
  23 46.002113700000 280 4 0.442857142857 0.990557700408 1.757448871888;
  24 48.001700800000 322 42 0.515527950311 0.999304170829 1.666166059073;
  25 50.001697100000 325 3 0.520000000000 0.998845535995 1.659551776040;
  26 52.002149999986 345 20 0.536231884058 0.996208883905 1.632182777799;
  27 54.001827400003 346 1 0.534682080925 0.996526529452 1.639451894902;
  28 56.002066499990 351 5 0.532763532764 0.996900460315 1.650384086168;
  29 58.001922500000 355 4 0.532394366197 0.996969964304 1.652929029956;
  30 60.006495999987 393 38 0.562340966921 0.988756994792 1.623911011203;
  31 62.001794699987 460 67 0.597826086957 0.972208056360 1.578148551567;
  32 64.001523899991 519 59 0.643545279383 0.939700932824 1.476758019135;
  33 66.001637299982 545 26 0.653211009174 0.931167613055 1.456803780213;
  34 68.001392299979 546 1 0.652014652015 0.932255919295 1.462229235373;
  35 70.002416099975 560 14 0.655357142857 0.929192458041 1.460919345543;
  36 72.007305599982 567 7 0.650793650794 0.933357260018 1.481757915821;
  37 74.001628799975 617 50 0.666126418152 0.918835135401 1.450922419513;
  38 76.027833599976 822 205 0.733576642336 0.836285430679 1.268856104484;
  39 78.004014999984 1488 666 0.851478494624 0.606127970512 0.847614158430;
  40 80.077422399976 1542 54 0.852140077821 0.604458745445 0.865333493312;
  41 82.029692399985 1686 144 0.858837485172 0.587275255009 0.837810379071;
  42 84.007209599979 1899 213 0.874144286467 0.545961914922 0.769933923469;
  43 86.001878899988 1962 63 0.874617737003 0.544636628226 0.769660479233;
  44 88.001390999998 2021 59 0.875804057397 0.541302897009 0.764386586411;
  45 90.001711499994 2071 50 0.875422501207 0.542377153930 0.765456459838;
  46 92.001694599981 2089 18 0.874581139301 0.544739177864 0.769866229106;
  47 94.001622999989 2094 5 0.874403056351 0.545237928951 0.771205877073;
  48 96.002004899987 2132 38 0.860694183865 0.582417915553 0.823082823491;
  49 98.001935199980 2135 3 0.860421545667 0.583133756002 0.824860010317;
  50 100.001654199994 2146 11 0.860671015843 0.582478780398 0.824342896625;
  51 102.001620700001 2152 6 0.859200743494 0.586328171162 0.834323931542;
  52 104.001619799994 2159 7 0.858730893932 0.587552860598 0.836489821072;
  53 106.001776899997 2165 6 0.857274826790 0.591331539370 0.843392453909;
  54 108.002111499984 2199 34 0.858572078217 0.587966228689 0.837825774059;
  55 110.003198999999 2230 31 0.857847533632 0.589848286973 0.841941141492;
  56 112.005050999986 2251 21 0.857396712572 0.591016191998 0.844376288275;
  57 114.001887699997 2303 52 0.857577073383 0.590549234234 0.845027579171;
  58 116.002831599995 2365 62 0.858350951374 0.588541282139 0.843036954875;
  59 118.001543899998 2375 10 0.858526315789 0.588085284241 0.842696907601;
  60 120.003709899989 2545 170 0.818467583497 0.683417950193 0.968164454785;
  61 122.001791799994 2625 80 0.795047619048 0.731722958342 1.025840327170;
  62 124.053163699980 2989 364 0.699565071930 0.881821902415 1.202917236284;
  63 126.010183899984 4085 1096 0.518482252142 0.999014144507 1.326951446145;
  64 128.004973399977 4386 301 0.486548107615 0.999477815825 1.330508904802;
  65 130.001909499988 4485 99 0.482274247492 0.999093213796 1.337758356400;
  66 132.001793099975 4544 59 0.482834507042 0.999149640755 1.335617732398;
  67 134.001750800002 4581 37 0.480681074001 0.998922844007 1.334881593366;
  68 136.001860899996 4650 69 0.481075268817 0.998966363792 1.336772522009;
  69 138.001606699981 4682 32 0.479282357967 0.998761176246 1.336274329024;
  70 140.001647199999 4720 38 0.476906779661 0.998460683081 1.335458229345;
  71 142.030037099990 4737 17 0.477306312012 0.998513503470 1.337640019940;
  72 144.002025199996 4747 10 0.478196755846 0.998627904024 1.338178367108;
  73 146.002100999991 4748 1 0.478306655434 0.998641705639 1.338120654303;
  74 148.002332899981 4829 81 0.485400704080 0.999384922154 1.339439968067;
  75 150.005241299979 4885 56 0.491095189355 0.999771189014 1.335963255965;
  76 152.003183900000 4899 14 0.492141253317 0.999821791261 1.336187638119;
  77 154.007565599983 5371 472 0.536585365854 0.996134483510 1.303939081835;
  78 156.003423099988 5709 338 0.562795585917 0.988591981565 1.287350580539;
  79 158.013153399981 5835 126 0.572065124250 0.984962749079 1.278181731740;
  80 160.008069099975 6170 335 0.591085899514 0.975926755381 1.254804211629;
  81 162.010295299988 6210 40 0.593397745572 0.974681887358 1.252643439711;
  82 164.001866899984 6262 52 0.596614500160 0.972896567804 1.249391327376;
  83 166.001652599982 6313 51 0.599081260890 0.971485486044 1.249386150039;
  84 168.001842600002 6319 6 0.599303687292 0.971356454282 1.249820747075;
  85 170.003138999979 6333 14 0.599873677562 0.971024440384 1.249724269692;
  86 172.001829799992 6338 5 0.599873777217 0.971024382165 1.250351755793;
  87 174.002723499987 6351 13 0.600535348764 0.970636573971 1.250206087155;
  88 176.001680199988 6356 5 0.600377595972 0.970729286389 1.252107666777;
  89 178.001882599987 6362 6 0.600597296448 0.970600125961 1.252522795389;
  90 180.002051299991 6363 1 0.600502907434 0.970655652191 1.253340484779;
  91 182.001783099986 6368 5 0.600345477387 0.970748144370 1.255030868695;
  92 184.001692199992 6377 9 0.600752705034 0.970508587003 1.255188995369;
  93 186.003687499993 6402 25 0.601374570447 0.970140841171 1.258209122314;
  94 188.001794199983 6462 60 0.599659548128 0.971149397693 1.260527411737;
  95 190.001394699997 6464 2 0.599474009901 0.971257447510 1.261358463794;
  96 192.001812399976 6465 1 0.599381283836 0.971311369828 1.262147690958;
  97 194.001428899996 6468 3 0.599412492270 0.971293227181 1.262771730199;
  98 196.001527999993 6476 8 0.599289684991 0.971364585922 1.264271981567;
  99 198.001510599977 6481 5 0.599444530165 0.971274596249 1.264726435758;
  100 200.002140700002 6482 1 0.599352051836 0.971328358192 1.265502596232;
  101 202.002371599985 6527 45 0.595679485215 0.973421894725 1.269721339858;
  102 204.001815299998 6571 44 0.596712829098 0.972841018391 1.273548713962;
  103 206.002808299992 6674 103 0.602637099191 0.969387072966 1.267122656680;
  104 208.021582299989 6777 103 0.608086173823 0.966023508332 1.261584389736;
